0:
###
..#
###

1:
.##
##.
#..

2:
###
.##
.##

3:
#.#
###
#.#

4:
#..
##.
###

5:
##.
.##
###

40x37: 32 41 42 35 40 39
41x50: 29 32 36 38 38 34
38x49: 29 33 32 34 32 31
46x35: 45 33 41 37 51 40
41x50: 55 43 56 59 53 47
42x49: 48 51 55 46 56 61
44x35: 31 22 19 23 33 25
41x42: 45 46 45 41 40 48
49x36: 33 42 33 25 28 31
39x46: 29 35 37 30 23 40
45x49: 36 50 44 36 37 37
38x38: 20 31 24 15 29 25
46x50: 42 34 47 41 39 37
47x47: 45 42 32 39 38 28
44x38: 31 46 36 52 47 47
47x42: 34 32 30 38 38 37
44x36: 29 41 26 22 30 20
38x49: 45 44 52 45 50 50
39x38: 34 34 40 28 43 49
41x46: 54 46 42 45 50 53
42x41: 45 58 52 41 35 37
44x39: 31 29 27 35 32 27
39x39: 41 40 36 30 48 41
42x37: 35 39 44 42 32 46
41x37: 27 24 33 24 24 23
39x39: 51 37 38 46 28 32
46x48: 64 53 55 55 65 48
50x38: 30 25 31 32 43 30
40x42: 33 25 32 33 21 38
40x44: 44 53 42 45 50 40
45x41: 51 57 42 43 49 45
41x49: 55 57 49 44 51 55
47x49: 56 60 66 50 67 57
44x47: 33 27 42 30 36 41
41x36: 35 32 46 37 39 37
45x42: 48 53 45 53 47 46
36x40: 28 40 42 40 38 35
46x48: 29 37 52 35 46 41
35x44: 46 25 43 46 32 40
41x48: 37 35 38 27 29 42
35x35: 21 25 19 19 21 16
49x49: 42 42 40 35 45 52
44x36: 19 36 29 31 29 24
49x35: 48 37 39 41 43 54
42x35: 39 37 38 42 36 34
39x49: 43 47 53 42 51 58
46x35: 50 43 35 38 45 38
37x46: 42 41 48 49 41 40
47x45: 36 42 36 40 34 36
37x43: 34 31 19 26 28 29
44x44: 35 31 30 40 27 32
47x35: 26 27 33 30 25 24
48x47: 34 39 49 36 41 41
41x49: 51 57 52 53 45 52
39x35: 28 24 25 22 17 26
36x39: 30 50 38 37 33 32
36x43: 34 31 31 23 27 21
47x49: 50 68 57 58 64 61
35x47: 32 40 41 48 43 49
45x49: 59 52 54 62 63 49
46x45: 64 71 48 43 55 43
35x45: 39 40 35 48 44 37
36x47: 44 50 45 43 40 40
42x42: 20 35 37 32 29 42
39x42: 44 40 36 38 45 49
43x42: 33 41 32 33 30 26
46x35: 45 35 43 36 39 48
48x37: 45 45 50 43 36 53
41x35: 42 46 32 31 38 35
40x37: 22 27 30 26 22 29
37x40: 29 43 33 49 29 45
49x49: 42 39 53 41 36 44
35x45: 42 46 42 46 38 30
44x44: 42 57 41 59 61 42
47x36: 45 50 44 44 41 38
43x42: 28 35 37 29 28 38
39x40: 37 49 36 47 47 28
36x44: 29 27 29 29 28 25
49x40: 35 32 37 33 32 39
50x44: 42 37 31 37 39 37
49x50: 45 36 39 49 37 49
35x36: 38 34 25 32 21 43
38x46: 44 44 42 36 46 57
50x38: 26 45 28 33 29 31
46x43: 46 54 51 59 46 49
42x35: 29 24 22 23 26 30
47x43: 52 51 52 39 58 60
36x46: 26 30 36 34 27 27
37x40: 31 32 42 42 43 37
38x42: 33 26 27 25 34 23
38x35: 22 25 26 21 15 22
46x36: 40 40 45 41 40 48
45x40: 48 56 34 36 47 59
38x46: 34 27 35 26 27 30
43x42: 40 52 36 41 56 56
40x39: 37 53 45 43 20 43
46x36: 34 25 27 30 31 32
48x45: 51 63 51 61 63 47
36x37: 32 20 32 22 14 24
43x42: 37 41 34 31 23 30
43x39: 44 47 47 34 41 46
37x43: 43 30 42 38 47 43
47x37: 47 52 39 53 38 40
38x37: 24 23 29 16 17 34
49x48: 59 62 67 56 62 57
36x41: 37 37 31 44 36 42
38x45: 34 43 55 39 50 43
36x38: 32 32 42 35 37 32
46x39: 45 44 51 44 49 43
39x48: 30 26 34 39 39 39
48x38: 36 29 33 27 39 27
42x35: 40 29 44 34 39 38
43x48: 57 57 58 51 47 48
49x35: 28 31 37 21 27 32
50x48: 53 67 53 61 67 71
40x48: 39 34 29 31 38 37
38x44: 27 49 36 49 54 46
44x43: 53 52 52 45 46 44
43x38: 34 44 52 37 48 38
36x41: 33 33 46 34 44 37
46x46: 60 45 62 42 54 60
35x49: 51 56 38 46 39 37
36x41: 28 26 34 18 30 20
37x41: 33 27 20 30 21 24
43x50: 40 43 34 33 35 39
38x49: 47 52 53 48 47 41
50x36: 29 32 36 27 40 27
39x44: 39 39 49 47 45 44
48x42: 30 35 35 28 54 41
41x38: 24 29 18 24 27 34
43x48: 35 31 31 40 49 37
40x44: 33 39 17 33 29 30
36x35: 15 25 21 29 29 13
46x37: 31 35 52 46 60 38
48x37: 52 58 42 49 39 36
50x39: 49 49 57 50 49 46
48x46: 51 62 63 57 60 49
35x36: 22 29 23 20 18 19
50x44: 31 43 32 51 31 35
46x47: 46 46 71 54 55 58
42x39: 27 27 28 32 34 33
39x35: 39 48 33 23 36 35
41x48: 45 55 50 46 61 49
36x37: 38 41 32 29 33 34
50x50: 48 41 49 40 36 41
42x37: 45 36 26 17 25 18
45x38: 39 43 46 42 50 44
36x40: 28 26 30 26 27 19
35x44: 36 39 46 39 47 31
37x46: 44 57 44 42 44 35
38x41: 26 21 18 35 30 26
49x43: 44 58 46 60 51 66
40x50: 37 42 35 33 27 33
48x48: 43 39 54 40 43 36
50x37: 39 21 28 38 33 33
35x41: 41 51 30 42 30 30
44x43: 46 48 47 51 47 52
40x46: 53 42 59 44 49 35
43x50: 59 49 56 48 59 59
41x41: 18 29 24 26 34 37
48x37: 40 55 42 53 29 55
38x38: 37 40 31 34 36 45
49x47: 38 31 42 41 38 49
37x50: 41 58 39 56 41 52
35x47: 37 45 47 45 47 34
38x38: 28 33 44 45 29 41
43x39: 46 43 42 34 48 46
40x38: 29 32 13 25 27 30
50x48: 71 50 53 70 67 56
43x47: 53 64 43 39 60 57
37x50: 40 59 51 44 46 48
37x42: 34 32 31 24 27 20
49x49: 63 55 64 63 70 54
36x48: 35 49 43 47 41 52
41x35: 24 18 14 28 34 24
47x41: 40 28 38 27 33 28
48x49: 55 60 58 62 67 61
46x46: 55 40 48 54 70 57
46x45: 50 63 51 58 43 55
39x39: 33 32 24 25 26 28
46x43: 48 60 54 47 49 49
48x37: 34 39 27 28 25 39
42x38: 25 24 21 30 33 34
50x35: 48 53 46 28 59 40
38x44: 48 46 34 46 41 43
47x45: 63 68 51 42 58 48
44x39: 33 29 29 21 35 35
45x41: 50 48 59 40 44 43
50x37: 42 45 55 51 52 40
41x35: 43 40 36 37 30 35
48x45: 43 29 38 43 50 36
45x41: 45 35 39 55 56 52
41x42: 28 30 38 37 27 21
40x37: 24 23 26 27 29 26
42x47: 39 57 59 65 37 47
43x47: 37 30 39 37 28 38
49x43: 43 51 58 58 56 58
50x49: 42 36 47 42 49 39
38x42: 35 40 39 44 50 39
41x36: 20 25 26 25 32 27
50x50: 68 61 65 58 70 63
48x37: 45 44 58 32 46 48
38x40: 24 21 29 26 31 25
37x40: 40 37 32 35 40 44
48x50: 41 41 49 43 46 36
35x49: 37 34 24 32 15 33
50x42: 55 48 56 59 48 55
44x45: 52 51 42 63 44 52
44x46: 19 35 42 32 44 38
40x48: 60 47 39 41 42 65
35x50: 36 48 39 48 56 45
46x44: 32 40 41 29 36 31
38x36: 30 19 16 22 27 29
38x35: 29 21 22 26 16 17
38x41: 49 48 34 36 39 36
43x37: 25 27 31 23 30 32
37x40: 26 29 30 25 23 23
43x47: 54 53 59 36 49 60
47x42: 59 51 63 37 43 50
47x40: 54 54 30 36 61 58
49x42: 53 56 55 46 54 54
37x36: 23 29 24 16 29 23
43x38: 31 26 28 34 21 27
47x39: 55 44 45 49 50 39
47x41: 27 36 31 34 29 38
36x46: 35 41 41 46 39 52
35x45: 36 41 44 36 43 43
41x40: 37 19 29 28 25 30
42x45: 30 35 31 32 46 36
39x49: 43 50 47 57 38 58
45x41: 59 50 45 39 42 49
42x48: 54 63 50 51 46 49
38x39: 24 30 23 27 31 21
39x48: 45 41 50 57 47 46
43x35: 34 38 36 42 40 42
39x37: 50 32 33 47 30 28
44x35: 18 29 32 26 23 25
35x44: 34 38 38 46 42 39
41x35: 25 20 28 23 21 26
43x47: 43 61 47 54 59 51
45x35: 52 33 37 32 51 37
38x49: 38 50 63 52 44 40
48x36: 41 47 45 44 45 45
42x46: 44 54 59 52 43 46
49x45: 63 58 51 54 57 57
44x45: 31 27 42 43 36 30
49x42: 50 50 49 59 45 62
47x47: 62 55 53 57 52 60
37x40: 28 23 29 32 22 22
42x50: 55 52 59 47 56 54
40x35: 19 22 15 22 33 31
44x39: 33 33 33 20 30 33
43x43: 38 33 40 26 31 27
37x46: 35 51 55 42 43 38
48x42: 40 48 55 56 57 54
37x49: 45 42 45 48 39 58
49x42: 33 35 38 43 35 39
38x49: 25 40 36 35 29 27
49x44: 51 51 55 70 56 48
36x43: 38 25 37 44 46 45
36x38: 47 31 33 36 25 36
39x50: 36 33 41 33 29 36
48x41: 41 48 55 54 62 44
36x47: 24 33 23 32 37 31
39x39: 46 28 29 50 39 39
44x39: 47 42 52 31 53 40
45x50: 50 57 71 72 41 53
40x42: 48 42 46 48 39 35
46x38: 30 36 28 22 38 25
41x41: 28 37 23 23 35 23
36x35: 31 28 30 36 33 35
44x41: 25 30 37 36 28 26
48x42: 48 50 48 58 51 55
40x47: 36 31 29 38 33 28
40x43: 32 27 25 34 33 31
50x45: 65 51 52 66 62 49
40x45: 44 40 56 44 44 47
50x39: 44 28 34 38 26 38
46x40: 34 35 24 38 35 28
46x43: 29 36 29 34 39 42
50x50: 62 83 69 50 68 59
46x49: 36 43 38 45 37 40
40x39: 35 58 38 37 43 35
40x44: 46 40 41 48 47 48
40x44: 38 30 28 25 29 32
50x50: 57 36 39 43 31 49
49x42: 56 58 51 51 51 51
42x45: 44 38 37 26 25 39
49x38: 37 25 28 27 34 40
41x38: 28 31 22 23 25 26
40x36: 37 38 44 31 37 35
44x43: 33 31 38 28 31 35
48x37: 49 45 52 45 37 44
48x49: 42 40 45 40 40 48
45x40: 25 30 34 32 40 33
43x50: 51 50 72 54 45 56
45x46: 37 39 20 45 42 41
38x35: 31 25 32 39 38 38
40x48: 26 40 44 30 39 29
37x45: 44 49 42 35 35 52
35x36: 32 22 32 31 39 36
42x48: 62 49 51 50 48 49
49x45: 52 59 52 53 63 62
40x50: 33 42 41 33 25 33
36x40: 52 36 36 30 33 34
41x36: 36 43 35 36 38 41
38x50: 33 48 52 44 59 58
46x45: 34 34 35 36 43 42
35x50: 33 27 34 24 31 27
37x46: 29 29 26 28 32 35
43x40: 25 38 23 32 35 28
39x41: 42 45 34 48 31 46
39x43: 28 28 30 29 34 33
47x47: 57 61 63 53 55 52
37x38: 23 23 21 21 27 29
47x43: 35 37 35 30 39 33
39x48: 57 44 61 46 32 45
49x35: 52 50 32 44 44 44
42x38: 41 48 35 42 43 39
37x49: 49 45 46 55 42 41
41x40: 24 31 36 29 20 29
39x35: 25 28 21 24 23 22
46x38: 41 56 44 37 56 40
41x41: 45 43 51 40 31 47
40x43: 33 46 40 51 49 47
47x49: 45 38 43 33 36 44
40x45: 41 41 48 47 40 58
46x43: 49 49 56 47 50 53
37x46: 31 33 22 31 32 31
47x46: 64 54 57 60 52 45
43x49: 39 44 28 35 35 43
44x42: 22 36 35 36 28 39
48x42: 47 42 63 42 53 61
45x44: 40 24 28 37 40 40
39x37: 33 44 47 25 43 33
38x43: 29 50 38 43 42 52
36x35: 32 33 33 45 36 16
44x35: 42 44 33 40 42 38
41x49: 55 48 51 53 63 40
50x41: 27 33 34 42 37 35
39x44: 57 48 37 38 48 38
47x36: 33 20 32 28 37 30
45x44: 37 39 26 42 34 32
40x35: 23 24 16 20 32 28
49x46: 62 66 51 45 62 64
41x37: 43 40 46 37 31 36
50x43: 59 45 56 54 55 59
41x35: 41 21 44 37 34 39
50x47: 34 35 36 50 53 31
50x45: 41 47 38 37 41 36
48x40: 50 50 54 46 44 51
39x47: 48 36 56 45 52 43
37x37: 21 23 24 27 13 35
49x38: 49 43 43 48 39 62
44x35: 19 28 17 36 32 22
48x43: 43 49 57 62 55 51
35x36: 15 23 26 24 20 23
45x50: 41 36 39 48 44 32
38x38: 34 36 39 31 28 53
41x44: 24 28 36 32 32 29
35x49: 30 32 35 33 20 26
35x43: 28 16 28 28 25 29
47x39: 36 51 41 55 45 55
47x39: 40 50 56 51 39 46
39x47: 51 58 36 52 44 44
38x47: 54 41 33 47 47 52
48x42: 60 52 52 50 54 43
38x49: 26 32 26 44 28 36
36x46: 47 47 38 40 41 43
35x48: 42 50 44 29 52 45
49x38: 25 30 36 30 39 31
46x39: 36 32 36 22 33 36
40x44: 38 27 26 30 25 35
42x48: 29 35 41 37 38 43
44x44: 40 39 35 22 24 35
45x36: 40 40 51 41 40 37
48x37: 37 47 56 48 45 41
45x40: 27 33 39 28 39 29
40x40: 37 40 42 46 48 34
35x36: 31 33 41 20 38 32
35x39: 30 37 36 38 35 35
37x41: 24 27 24 29 29 23
35x50: 37 29 27 30 26 27
36x38: 37 33 42 26 41 32
50x44: 54 61 53 64 71 39
37x36: 20 33 22 18 27 23
42x38: 31 27 32 21 20 36
39x46: 54 44 40 44 55 40
41x46: 34 53 50 66 36 51
49x38: 33 39 33 29 31 26
37x39: 22 28 33 25 24 23
46x35: 47 48 52 33 36 33
35x50: 28 25 22 29 33 38
38x47: 27 27 37 31 27 30
45x49: 35 37 47 45 36 39
50x47: 43 40 35 42 35 45
39x38: 26 27 26 25 28 23
50x47: 49 53 35 42 36 25
46x47: 45 28 42 35 41 34
36x38: 37 35 35 32 45 28
35x48: 25 41 30 21 30 28
49x41: 36 36 29 31 37 39
42x38: 43 46 40 43 40 35
48x48: 57 60 63 54 59 62
41x44: 43 43 53 53 33 50
48x46: 62 66 56 61 32 62
41x48: 51 45 45 59 53 49
44x37: 44 49 33 39 43 45
37x50: 44 43 59 53 44 40
40x44: 25 34 32 35 27 28
50x44: 57 73 52 60 60 42
48x39: 39 61 41 51 56 45
42x38: 50 44 50 30 37 35
39x40: 30 27 23 41 20 27
36x43: 48 41 33 36 42 39
47x37: 40 34 47 49 38 56
42x45: 27 40 32 35 46 29
47x42: 50 41 50 59 57 45
41x35: 33 36 42 37 32 40
41x41: 36 27 26 30 27 22
42x49: 38 56 50 57 55 62
47x44: 44 43 34 36 28 25
38x40: 43 46 38 43 37 29
44x47: 36 34 42 30 33 35
40x47: 36 38 33 28 30 29
35x40: 23 21 23 22 27 27
45x44: 57 56 58 37 49 49
35x47: 24 31 28 25 29 28
42x45: 27 39 28 41 35 40
40x48: 35 33 38 35 36 30
48x46: 42 65 60 58 68 51
37x38: 44 33 43 30 31 34
46x43: 51 56 41 50 49 59
42x42: 53 44 46 50 35 42
48x44: 56 66 49 48 57 53
50x35: 29 36 19 29 28 34
40x42: 33 48 43 53 34 48
40x40: 24 34 34 21 24 31
49x38: 44 54 45 50 45 50
46x39: 44 37 36 60 49 48
37x50: 29 40 30 38 22 33
37x38: 30 39 38 40 33 37
37x40: 36 37 41 41 40 33
50x45: 47 63 73 58 57 50
47x47: 40 45 31 30 41 38
45x50: 42 38 40 40 40 40
43x48: 48 55 49 45 64 59
49x41: 34 41 37 46 20 30
43x49: 50 52 49 51 61 62
43x45: 54 53 41 44 57 51
38x50: 31 26 36 28 31 40
40x43: 45 56 36 42 41 48
40x36: 26 17 23 33 29 28
38x45: 24 34 31 31 27 33
50x46: 64 59 61 56 58 56
44x36: 39 44 35 43 47 38
36x39: 27 35 23 23 19 29
42x47: 34 52 69 50 48 51
44x47: 33 41 31 30 35 39
36x35: 26 31 27 31 34 45
48x42: 46 56 54 60 53 43
37x38: 34 45 35 35 41 30
36x43: 32 27 25 29 26 28
50x39: 45 56 43 67 44 46
35x45: 39 40 41 38 43 42
49x35: 32 49 42 57 39 46
50x45: 71 54 64 51 49 55
49x44: 52 54 49 69 51 56
50x41: 60 40 46 55 53 58
42x46: 59 52 54 36 48 49
49x35: 45 46 39 48 52 36
42x40: 45 37 48 36 44 47
46x49: 44 35 42 46 36 36
44x41: 31 32 30 25 24 39
41x50: 35 32 35 29 42 35
50x41: 38 34 29 40 29 37
37x50: 45 47 43 55 57 39
35x48: 41 41 43 45 50 39
42x48: 27 37 41 45 32 42
42x35: 38 39 44 31 39 36
40x45: 35 37 26 31 30 35
38x41: 42 44 37 35 45 39
39x38: 48 27 32 42 38 38
48x41: 35 47 36 34 32 24
44x50: 56 56 54 60 59 54
43x35: 34 33 31 44 52 38
47x44: 61 53 58 52 37 55
44x38: 30 21 27 28 31 30
36x37: 26 20 25 19 22 32
43x49: 47 58 62 47 44 66
36x35: 23 17 22 32 16 21
39x40: 26 30 31 27 25 29
39x46: 47 39 47 37 52 53
41x35: 28 21 25 24 18 27
39x41: 24 30 30 24 28 32
46x39: 37 35 27 30 33 33
40x46: 38 24 31 42 27 32
46x40: 42 47 49 43 44 58
50x50: 59 51 63 87 57 63
50x37: 43 54 53 46 50 41
39x49: 56 42 38 45 48 63
41x35: 46 30 32 36 35 40
48x50: 74 70 41 68 61 58
47x41: 43 36 57 50 42 64
47x50: 70 47 54 57 61 69
40x45: 32 32 30 33 34 33
35x38: 17 19 20 27 27 21
43x49: 50 53 48 54 61 59
42x43: 43 47 49 46 37 55
44x38: 32 28 32 27 29 19
50x35: 32 36 28 28 28 24
46x48: 54 56 56 63 50 60
48x50: 44 53 41 42 35 40
45x50: 41 27 36 52 48 36
46x46: 56 50 52 63 43 59
38x40: 24 22 27 27 26 30
37x39: 28 25 21 30 22 29
46x48: 54 58 62 55 60 52
44x48: 34 32 39 38 41 39
48x46: 51 63 63 55 57 53
36x50: 26 25 40 43 26 31
38x42: 23 30 25 30 38 22
42x48: 45 35 37 37 34 36
48x46: 52 66 63 49 59 54
46x36: 48 48 35 42 44 40
48x40: 44 45 56 50 46 53
41x45: 31 26 25 34 39 40
44x44: 37 32 41 34 22 29
38x39: 15 35 31 14 30 30
42x44: 44 38 50 49 54 48
47x38: 42 40 51 47 49 45
46x48: 51 65 60 56 54 56
36x35: 38 36 35 31 30 25
47x36: 38 26 31 26 30 29
39x36: 25 26 16 26 31 32
38x39: 38 25 45 36 40 41
36x36: 20 24 33 21 19 26
35x50: 22 36 25 38 19 36
46x38: 44 36 54 44 46 43
41x35: 36 36 33 42 38 36
45x45: 53 48 55 54 53 48
40x50: 58 49 59 43 48 50
47x41: 31 31 26 32 40 34
40x50: 40 58 50 55 58 50
36x42: 32 47 42 30 37 47
35x36: 23 10 24 30 22 22
46x44: 54 49 51 58 53 46
48x39: 40 28 35 27 36 41
37x39: 41 34 42 41 33 30
38x46: 25 33 37 26 28 31
49x43: 47 53 61 57 54 52
41x48: 33 38 25 36 37 38
47x47: 42 28 28 38 45 44
50x45: 47 41 34 28 45 45
50x48: 41 40 44 37 42 52
42x37: 33 30 22 27 32 23
43x49: 35 40 45 32 34 38
49x43: 48 59 54 53 56 56
47x38: 45 44 56 48 41 40
50x44: 38 34 34 40 38 40
38x37: 31 34 34 42 28 46
40x49: 28 25 36 34 39 45
43x42: 29 30 33 31 31 41
43x35: 47 34 38 37 34 40
42x35: 28 44 30 53 35 38
48x40: 33 45 26 23 48 33
48x39: 56 52 56 38 44 43
37x38: 40 43 36 29 45 27
41x48: 45 39 53 45 59 60
49x48: 62 64 55 63 60 59
45x42: 24 36 32 40 34 44
36x45: 30 30 37 27 31 25
48x37: 28 33 36 40 25 30
36x44: 45 47 33 39 36 45
45x46: 56 57 58 52 53 44
46x36: 41 34 42 42 53 42
43x43: 50 56 41 45 46 49
44x36: 28 26 29 28 25 32
35x49: 42 40 40 52 45 44
36x35: 34 36 27 33 24 40
43x48: 42 36 40 44 28 34
48x36: 38 29 37 25 31 32
38x43: 26 36 26 32 22 26
38x37: 18 20 32 24 27 23
35x41: 40 41 33 34 42 33
45x41: 45 50 38 53 56 44
49x40: 51 48 47 54 48 53
45x39: 29 37 35 37 28 28
36x48: 23 36 33 32 39 29
41x39: 23 39 32 28 27 20
48x40: 34 36 32 39 36 30
47x46: 51 51 57 59 66 49
39x35: 32 46 26 35 31 43
43x36: 29 29 24 26 28 32
45x40: 45 40 41 41 56 54
40x41: 41 51 41 41 47 35
37x36: 34 28 39 38 39 26
46x42: 45 31 25 38 34 37
38x37: 22 23 20 25 23 31
36x36: 29 33 29 36 23 48
36x37: 27 22 25 16 24 29
37x40: 43 38 39 39 37 32
49x38: 32 50 47 52 39 66
50x50: 38 49 54 43 35 36
44x49: 39 32 48 34 37 34
36x38: 24 26 22 21 25 26
48x49: 33 53 39 44 46 40
46x41: 41 28 26 24 40 36
48x46: 49 34 44 38 38 37
46x36: 30 21 28 31 46 23
36x39: 30 22 22 32 25 24
46x50: 69 55 54 67 58 50
44x48: 56 62 54 47 57 52
37x37: 27 18 20 20 37 22
41x42: 40 49 48 52 48 30
50x47: 37 35 46 49 41 32
50x43: 50 55 56 64 61 46
45x36: 40 43 44 46 41 36
36x49: 42 50 47 42 51 42
49x35: 33 29 33 27 36 17
46x36: 35 55 47 39 39 43
49x41: 31 36 42 35 25 39
35x45: 37 40 36 44 38 47
38x43: 43 40 35 35 56 44
39x47: 51 46 47 53 48 37
45x50: 73 45 64 49 59 53
47x38: 42 42 41 45 59 47
45x47: 25 40 41 40 39 39
40x38: 32 42 44 35 38 44
46x39: 48 37 47 45 48 49
49x36: 28 41 32 33 33 25
43x49: 50 51 57 54 56 56
43x44: 51 45 60 37 46 51
44x47: 55 49 47 58 45 62
36x37: 20 28 28 24 27 16
49x45: 37 41 44 50 31 36
39x40: 45 30 39 43 38 42
47x45: 40 39 38 41 37 30
35x48: 37 35 53 42 40 49
49x45: 31 28 32 54 54 41
37x36: 21 18 28 24 25 27
39x38: 31 29 24 23 27 22
49x37: 31 30 27 39 30 35
36x42: 45 38 39 38 34 38
49x48: 36 44 43 27 54 52
40x40: 28 28 32 33 30 18
37x42: 32 28 24 28 29 26
39x40: 37 41 46 34 36 46
37x49: 48 44 53 42 49 43
44x50: 36 39 30 41 34 43
48x48: 54 34 40 37 50 41
49x36: 26 38 33 36 34 24
41x35: 38 34 37 33 35 43
46x43: 60 43 53 46 42 57
35x41: 35 49 35 29 39 38
44x47: 50 60 64 48 44 53
35x46: 45 46 42 39 38 39
47x48: 40 47 42 38 35 38
47x49: 35 34 44 38 55 34
36x50: 45 44 38 50 48 52
47x35: 27 35 34 20 21 28
50x48: 56 41 44 39 39 36
46x35: 33 23 30 32 22 24
50x41: 36 41 33 31 30 37
48x45: 48 46 44 37 28 36
35x39: 26 23 23 26 19 26
41x49: 37 28 36 29 50 28
47x46: 34 36 40 46 38 31
41x49: 50 40 51 53 58 55
50x36: 37 30 33 40 27 25
48x38: 53 33 40 47 54 51
35x42: 29 27 19 25 25 28
41x50: 50 60 52 47 61 49
48x48: 58 52 59 56 60 68
42x38: 42 47 55 30 30 42
40x41: 26 39 40 48 45 54
48x44: 56 51 52 55 59 52
38x38: 30 18 16 33 24 23
40x43: 49 48 35 36 44 54
45x47: 38 33 42 37 37 38
36x46: 33 24 38 25 37 22
47x41: 46 47 54 46 48 55
48x45: 57 58 57 50 53 58
40x40: 27 24 28 28 33 29
41x39: 40 35 58 37 37 37
40x47: 32 32 31 26 39 34
40x40: 30 31 33 22 19 34
35x41: 22 22 20 33 24 21
45x42: 25 29 37 37 40 42
44x43: 38 32 34 28 33 30
42x42: 47 35 49 43 54 42
37x40: 24 24 28 23 34 23
45x41: 24 32 34 39 29 37
45x37: 17 38 28 29 36 32
48x43: 40 68 54 46 59 56
39x49: 36 50 53 44 53 59
50x44: 65 63 65 38 58 52
37x35: 36 34 35 30 41 25
39x45: 32 47 40 46 52 55
48x38: 55 39 46 42 50 47
42x45: 38 52 47 54 42 58
42x35: 28 24 28 25 23 26
37x40: 45 43 30 34 34 43
49x49: 39 39 48 44 40 46
45x36: 35 25 33 24 30 32
43x36: 48 37 42 28 43 40
41x39: 32 37 25 20 27 28
41x50: 45 53 45 64 62 48
35x43: 36 42 51 29 46 30
36x45: 33 38 45 29 45 59
46x46: 55 32 29 54 26 28
45x44: 34 32 37 42 42 23
44x45: 50 45 60 50 43 54
46x48: 44 36 33 36 41 50
44x41: 53 51 30 58 46 41
42x47: 34 27 37 31 47 34
49x38: 30 35 32 30 33 32
50x38: 56 46 45 55 43 46
43x46: 54 49 53 45 50 53
35x40: 41 29 40 39 46 20
42x43: 53 29 43 48 51 50
41x46: 45 53 55 47 56 37
42x47: 48 61 67 46 38 45
42x44: 52 43 46 51 46 45
39x45: 44 60 45 41 54 32
43x39: 28 32 29 37 31 24
40x44: 36 45 39 53 44 54
36x35: 23 25 20 20 23 21
38x40: 26 21 29 27 26 27
46x48: 35 39 38 34 48 46
43x39: 29 34 38 28 27 25
42x43: 42 41 52 53 49 40
46x45: 61 65 44 53 46 52
44x37: 43 45 41 36 38 48
38x46: 51 40 44 51 47 35
46x36: 23 30 39 30 29 28
43x47: 41 32 34 24 43 35
36x38: 27 35 34 30 43 43
41x41: 29 24 20 27 30 39
49x38: 49 50 47 44 46 51
36x38: 41 44 31 30 32 35
48x44: 47 47 51 61 66 53
40x47: 56 51 42 56 52 34
41x36: 30 27 28 20 20 31
35x37: 31 40 30 30 38 33
44x48: 42 62 60 55 59 50
37x41: 40 35 52 31 35 39
42x43: 41 34 37 36 24 23
39x43: 31 28 28 32 36 27
42x46: 32 41 33 35 38 30
46x39: 58 36 40 43 50 47
43x35: 31 29 26 26 21 21
43x39: 34 31 33 29 27 27
41x37: 36 23 15 26 22 34
41x46: 48 50 61 35 48 49
38x40: 39 40 36 38 29 51
39x48: 41 50 47 64 48 39
50x36: 34 30 31 32 42 23
49x40: 40 53 48 50 61 52
50x47: 54 58 72 53 60 64
39x49: 32 41 41 30 29 34
39x41: 38 45 33 39 38 54
35x43: 42 33 35 46 43 32
47x35: 28 20 29 30 28 29
43x48: 48 50 55 48 53 63
36x42: 37 33 46 34 43 39
47x49: 46 47 45 33 32 37
45x48: 47 45 32 37 43 35
38x46: 34 27 29 38 23 28
43x43: 59 49 44 44 40 48
50x38: 39 39 61 52 50 49
50x40: 44 36 39 33 33 22
42x41: 42 37 48 43 58 37
44x47: 55 54 47 53 55 55
49x50: 75 59 50 58 69 66
39x50: 29 39 38 31 32 39
41x43: 20 26 34 38 36 28
50x46: 52 35 49 31 35 37
37x39: 38 37 34 43 41 30
39x41: 23 28 31 24 37 25
36x44: 44 39 42 44 38 36
47x35: 45 35 35 45 40 51
50x48: 70 68 57 63 66 48
47x41: 48 49 58 47 51 44
42x42: 26 37 37 40 24 32
50x50: 56 75 58 63 64 72
45x48: 41 51 41 39 37 31
44x42: 23 38 34 30 37 33
43x50: 56 59 54 67 54 42
37x45: 23 26 26 36 33 35
45x41: 48 46 41 57 42 49
36x47: 30 30 20 37 35 27
41x45: 33 36 20 34 33 39
36x41: 21 25 34 22 26 27
37x47: 57 47 33 56 35 39
48x42: 61 38 56 58 41 51
38x50: 44 40 56 37 62 53
42x50: 64 55 61 45 43 54
49x35: 24 25 26 33 31 36
42x45: 31 32 44 38 33 32
43x42: 28 36 30 36 33 33
49x35: 20 25 34 30 31 36
48x44: 39 32 46 34 37 36
43x38: 40 30 55 41 47 36
48x45: 39 36 43 43 33 46
41x47: 39 32 36 30 34 24
43x37: 40 43 35 36 43 49
50x37: 43 53 53 38 43 56
49x46: 27 45 40 37 49 42
37x48: 38 32 37 31 29 25
38x46: 29 27 25 39 30 30
50x38: 55 41 39 60 53 43
43x50: 37 36 34 33 46 38
43x42: 52 43 42 54 39 46
42x46: 32 41 45 32 27 32
42x36: 44 39 36 35 38 41
37x50: 30 38 25 38 26 35
46x35: 27 21 31 27 23 35
49x41: 37 49 60 61 46 55
42x44: 26 35 28 37 44 26
37x36: 22 34 35 38 41 36
44x42: 54 36 51 38 51 52
40x42: 33 35 29 26 30 29
44x43: 68 50 41 40 50 43
42x49: 30 47 31 39 42 34
41x44: 33 34 33 20 31 31
46x41: 37 33 33 25 35 32
42x42: 48 46 49 45 45 39
44x44: 31 37 28 37 33 30
42x46: 35 24 41 41 32 36
46x47: 52 57 56 58 59 52
36x45: 29 42 39 40 43 57
50x43: 52 52 64 61 54 47
42x37: 25 26 23 36 23 35
42x43: 34 33 38 29 29 32
35x50: 24 24 34 32 35 27
42x50: 56 48 51 47 55 65
46x41: 54 56 47 45 43 47
36x44: 35 47 46 37 42 39
44x39: 28 23 30 36 33 31
45x39: 50 50 40 37 47 48
39x48: 40 29 31 42 33 32
39x46: 23 41 26 44 26 35
46x43: 34 30 37 31 36 41
45x50: 68 57 55 59 55 52
41x49: 33 34 31 37 36 37
38x49: 36 55 59 41 48 50
36x48: 33 44 42 59 51 38
39x43: 36 63 39 40 37 48
38x41: 24 30 30 25 22 25
38x43: 30 36 48 41 49 47
39x36: 29 40 44 42 27 34
50x50: 37 41 39 51 43 45
36x43: 36 40 46 39 37 40
39x45: 39 30 26 36 37 27
49x40: 39 32 46 29 28 34
39x50: 37 27 42 37 29 36
41x44: 57 40 47 50 45 37
35x35: 29 32 34 36 31 27
47x38: 47 43 46 47 45 46
37x42: 44 34 51 48 35 25
44x47: 49 59 61 53 51 47
49x43: 51 50 63 53 51 55
50x42: 42 38 33 41 35 34
39x46: 38 30 26 29 33 38
48x42: 51 49 53 63 48 45
41x41: 27 28 34 24 33 22
41x35: 24 25 26 24 22 21
38x50: 37 44 47 51 53 60
50x49: 58 68 66 49 66 72
43x37: 31 38 20 24 30 25
40x41: 37 49 45 41 45 38
50x43: 29 38 40 48 33 35
48x46: 38 31 49 41 43 38
35x47: 26 28 32 22 28 29
38x40: 23 22 24 21 33 32
44x47: 59 49 55 49 59 47
35x48: 25 34 33 25 22 36
38x42: 31 35 29 27 18 27
44x49: 54 60 55 51 54 59
43x46: 32 32 37 34 42 32
46x42: 34 48 27 42 41 18
36x38: 20 22 24 34 24 19
49x45: 45 35 40 40 40 39
38x44: 21 26 28 30 26 36
37x43: 39 35 51 38 37 43
38x40: 31 12 28 25 30 29
39x42: 26 32 35 30 34 25
41x43: 34 43 41 61 52 41
40x38: 33 46 46 42 39 30
48x39: 55 46 47 47 49 44
45x41: 42 52 50 49 50 43
38x35: 36 36 29 35 32 37
45x46: 41 40 40 41 30 33
39x44: 51 40 45 42 43 42
42x44: 38 50 46 53 51 48
47x44: 64 60 40 46 50 60
46x38: 46 37 42 53 51 39
42x50: 49 64 48 48 59 59
45x46: 54 49 49 61 56 49
41x35: 23 19 29 20 21 30
37x39: 26 24 38 30 19 19
47x45: 43 64 62 64 45 49
42x38: 34 22 21 25 35 31
47x35: 42 42 42 42 47 39
41x43: 25 41 37 29 22 27
43x38: 44 44 48 43 34 38
43x35: 39 29 46 46 31 37
43x35: 39 41 39 42 27 43
37x40: 28 18 27 22 29 31
36x44: 35 43 53 36 43 35
41x43: 31 36 32 25 26 31
46x47: 38 42 40 37 38 30
38x37: 33 43 38 36 38 31
41x39: 39 38 48 38 39 43
35x39: 23 18 30 21 25 25
39x42: 37 47 36 47 36 50
47x38: 43 50 45 43 45 50
46x36: 28 26 31 27 31 36
47x48: 59 54 72 52 62 48
49x39: 49 36 46 55 53 52
40x50: 40 30 34 27 38 38
38x36: 26 21 28 25 22 21
46x37: 40 38 41 45 39 57
36x36: 23 18 30 23 22 27
46x45: 54 60 56 41 61 50
48x45: 53 46 29 33 42 37
44x50: 31 36 44 40 37 35
47x38: 24 25 45 31 25 30
48x39: 45 52 49 38 51 55
49x42: 57 54 46 48 65 49
43x48: 42 38 37 39 28 40
46x43: 49 47 46 51 54 57
39x45: 37 31 31 31 31 33
40x45: 35 35 25 27 34 38
41x42: 26 33 33 29 26 34
43x44: 45 52 57 51 38 48
46x39: 39 52 49 48 40 49
49x50: 60 80 66 68 48 58
40x43: 26 29 25 36 32 33
43x41: 36 43 54 45 47 46
41x48: 30 36 40 35 33 33
41x39: 41 45 43 40 39 39
44x44: 28 40 26 33 29 39
40x45: 40 22 21 33 50 28
38x40: 30 50 35 33 51 40
50x36: 39 47 57 45 44 45
47x44: 61 44 61 50 46 53
41x35: 37 36 38 33 38 39
38x37: 29 19 29 28 21 17
44x45: 44 51 50 62 57 42
47x47: 47 62 65 47 65 57
35x41: 35 35 34 38 40 39
46x37: 31 35 24 26 31 32
35x40: 34 22 21 24 20 21
46x35: 38 56 38 41 40 39
50x42: 37 36 35 33 47 35
50x40: 44 30 36 29 39 30
38x37: 38 38 36 31 42 33
41x40: 31 52 41 53 40 38
39x36: 29 30 20 28 21 28
50x47: 61 67 60 60 54 61
35x39: 44 32 35 23 33 42
39x38: 37 48 43 36 30 36
44x43: 28 38 26 36 33 35
43x44: 32 35 29 32 34 34
38x45: 30 23 33 29 30 35
45x50: 46 39 41 36 39 39
50x36: 36 43 57 43 44 53
40x35: 23 19 20 26 27 28
40x37: 35 45 36 39 39 36
38x42: 33 20 29 27 34 25
37x44: 37 23 25 22 33 28
39x41: 26 24 28 31 31 29
35x45: 27 22 28 30 34 24
47x42: 29 47 33 35 36 30
35x40: 31 33 34 43 31 42
49x35: 34 42 40 47 53 49
39x36: 41 33 42 35 33 31
47x41: 44 54 44 65 35 54
41x43: 45 45 33 44 56 50
50x35: 26 31 30 32 30 26
46x47: 42 37 19 44 40 43
36x46: 40 39 52 35 42 46
37x43: 35 24 28 30 23 27
46x45: 43 37 34 38 24 48
43x37: 38 45 41 45 46 32
37x35: 33 32 46 37 32 19
37x35: 29 28 34 36 33 38
44x41: 29 29 36 34 22 32
49x38: 46 41 57 44 57 41
44x41: 57 41 38 46 52 43
37x44: 40 42 37 34 49 50
46x46: 46 54 53 61 62 51
36x44: 33 26 26 27 30 26
35x49: 30 22 31 41 25 26
35x47: 57 40 39 41 37 38
42x39: 21 31 29 28 37 35
41x45: 39 33 31 29 29 33
41x36: 19 30 27 27 24 28